1	20,900	3,8100	10,2600	5,600	20,8000	13,2000	6,4100	20,500	11,1900	9,8700	
2	2,1600	7,9300	5,8000	12,1400	4,300	10,2400	6,2300	6,8800	2,7900	13,8100	
3	17,1200	11,3300	3,7300	11,2400	11,3000	7,3800	6,6500	16,7000	2,9600	4,200	4,2100	6,9000	
4	2,3900	10,5200	15,2400	6,2600	1,7600	11,300	18,3600	10,9400	7,6800	15,7500	19,6100		
5	20,4000	12,1500	5,3400	16,8200	10,1800	2,8000	10,8900	2,1100	1,2400		
6	1,8200	18,5500	6,6600	19,8500	18,8500	8,2000	3,4900	5,6400	2,6800	4,8000	
7	16,7000	7,9500	7,4900	1,8700	10,2900	11,8200	13,170	6,4800	5,6000	5,5670	7,4800
8	12,1200	9,2700	18,4700	6,8300	19,1900	11,3900	15,3100	11,5800	7,3400	19,8800	10,55	8,2000	2,5000		
9	12,1000	15,7800	17,7000	12,700	10,450	10,3600	15,9400	16,5200	6,8700		11,700	16,9000	10,2		
10	17,9900	18,3700	2,4800	17,5200	7,2900	7,4700	4,320	11,5500	1,2000
11	1,1900	5,2000	17,800	10,4800	18,1600	8,2200	10,8900	2,1000	
12	18,5700	17,4600	2,5600	16,8000	20,5900	7,300	11,6700	13,7000	12,3600	14,6600	19,761	18,1000	
13	4,9900	19,9800	17,7000	10,700	3,5400	3,3800	18,4100	12,2000	17,6000	17,8000	15,800	
14	9,4300	7,4800	6,3800	18,300	3,2700	6,7900	9,4300	13,9100	19,900	3,3000		
15	2,1700	2,3500	5,7000	3,800	16,2300	10,800	3,1000	7,4500	10,6800	9,7400	14,9606	14,7000	
16	20,2800	18,2200	12,2800	18,8600	7,8600	15,4100	10,1600	16,1500	1,2700	10,4500	8,5894	12,8000		
17	6,1200	5,5100	2,8000	3,4600	14,6400	8,3500	9,3600	9,7000	12,4600	14,3100	6,6000	10,7000		
18	17,4200	20,5200	6,7500	2,1900	10,44	13,7200	13,2700	16,8600	15,6100	19,5000	14,400	
19	13,690	17,7000	7,100	9,8300	8,2000	15,8600	12,3100	15,5000	14,4300	3,8560		
20	6,2600	13,2600	3,8100	6,8700	15,2400	10,9000	6,7100	10,9500	8,3000